[24776.920367] [Project1] 6185 1588159337.562686030 1588159338.544036269
[24778.706671] [Project1] 6186 1588159339.420195829 1588159340.330364995
[24780.760070] [Project1] 6187 1588159341.355709507 1588159342.383792725
[24782.783628] [Project1] 6188 1588159343.397534366 1588159344.407377083
[24784.724266] [Project1] 6189 1588159345.375304943 1588159346.348041928
[24786.777115] [Project1] 6190 1588159347.384335459 1588159348.400919074
[24788.591593] [Project1] 6191 1588159349.312726685 1588159350.215421942
[24790.679290] [Project1] 6192 1588159351.247576989 1588159352.303146298
[24792.485213] [Project1] 6193 1588159353.193728231 1588159354.109091821
[24794.465862] [Project1] 6194 1588159355.099869547 1588159356.089738428
